atoll,median_excretedN,lower_excretedN,upper_excretedN,median_excretedP,lower_excretedP,upper_excretedP,median_NH3emit,lower_NH3emit,upper_NH3emit,median_bird_C,lower_bird_C,upper_bird_C
Abemama,1492.875998840178,41.045297230172864,11171.587132795874,248.81266647336298,6.840882871695476,1861.9311887993122,217.53335983099734,5.980886167825188,1627.859839350256,328031.28605201043,8847.755901880473,2.4160092315378855e6
Addu,722.6848916417092,12.178277093474877,6221.174534861134,120.44748194028483,2.0297128489124794,1036.862422476856,105.30551278207761,1.774548947906339,906.5140036511938,156562.65890691662,2684.3388904522585,1.3981123501512802e6
Ahe,1493.274040439309,22.041444592915788,12257.099032250768,248.87900673988486,3.673574098819299,2042.8498387084614,217.59136017829928,3.211753354967729,1786.0344304136834,289209.0165073296,8249.515182256466,2.260588824384184e6
Ailuk,11848.376107627279,580.8997964244247,115248.00346245096,1974.7293512712133,96.81663273740413,19208.000577075163,1475.9232149166537,59.397518494214026,12797.06496789503,2.8674247659017304e6,159223.7051450836,2.77597325297356e7
Anaa,515.515172695076,4.454953842255852,4142.291061085986,85.91919544917934,0.7424923070426421,690.3818435143311,75.11792516413965,0.6491504170144242,603.5909831868152,115507.36819833881,1314.5285648145634,936198.6656130615
Ant,3396.6615821710107,3360.9648983562374,3852.431809502024,566.1102636951684,560.1608163927062,642.0719682503372,494.94211625920434,489.74059947476593,561.3543493845806,705858.544811941,698085.9966858571,804074.0482264622
Anuanuraro,979.0538832900838,55.17020175179323,5135.5832044366725,163.175647215014,9.195033625298873,855.9305340727788,142.66213727941226,8.039086540975584,748.3278383607721,208248.323982357,13922.20186568733,1.102976804749256e6
Anuanurunga,3293.1147214345456,176.04022151408108,23216.81706509412,548.8524535724243,29.340036919013514,3869.4695108490196,479.8538594090338,25.65157513490896,3383.0219151994293,646994.1911855887,30881.253863471036,4.4654810607899325e6
Apataki,34374.69491019672,172.60926714757485,585845.2477633388,5729.115818366119,28.76821119126248,97640.87462722317,5008.884115485806,25.15163607007519,85366.02181694364,8.035494780202902e6,39383.62941255115,1.3733558915062556e8
Aratika,2165.703567019501,137.11794418429898,14050.667054005607,360.9505945032501,22.852990697383166,2341.7778423342684,315.5739483371272,19.980043295426423,2047.382913583674,421600.21566613833,28535.9032456528,2.609741205478803e6
Arno,1221.7230717937396,32.98548310074021,8993.019037131531,203.62051196562328,5.497580516790034,1498.8365061885884,178.02250474708774,4.806456108965001,1310.4113454105943,267677.86061255983,6654.513377649939,1.9358442753428963e6
Arutua,513.2559010036313,6.265930948641334,4336.819910920088,85.54265016727189,1.0443218247735557,722.8033184866814,74.78871700338627,0.9130356525163086,631.9366155912128,113141.28902632666,1209.600559790595,946312.7098885191
Aur,1226.9790622444698,51.88560736496991,8123.699871439468,204.4965103740783,8.647601227494984,1353.9499785732448,178.78837764133704,7.560474216038471,1183.739124124037,269889.7894687719,11253.738616838778,1.7704733713580123e6
Butaritari,8786.449996539104,1130.3322834726575,63680.57203338358,1464.4083327565172,188.38871391210955,10613.4286722306,1280.311285209984,164.70556130601574,9279.169067721608,1.8043454365608143e6,245036.30579876376,1.3544249102783157e7
Etal,119.87994440262261,0.8227462712317672,1225.6707145309417,19.979990733770435,0.13712437853862788,204.27845242182363,17.468220470096437,0.11988588523662894,178.59773268879434,25993.110940515253,163.83555431090883,261426.32162161721
Fakahina,920.1001602469312,18.981644208819006,6230.311967833796,153.35002670782185,3.1636073681365016,1038.3853279722996,134.07173763598138,2.7658967275707695,907.8454581700674,204198.6173385636,4114.1266968902455,1.391459085384342e6
Fakaofo,1951.8029723767745,1268.947458803559,5217.263846176135,325.3004953961291,211.49124313392653,869.5439743626894,284.40557597490135,184.90377256851858,760.2298747285226,373647.40389843093,224794.49984012567,1.0924890149850594e6
Hao,3464.375024368892,111.85228572792904,25169.49867635053,577.3958373948154,18.64204762132151,4194.916446058422,504.8089321223242,16.298475920355376,3667.555521411077,684909.7731395464,20606.928268537224,4.773018721526039e6
Hereheretui,909.044583815755,30.129889489892616,5629.751295635526,151.50743063595922,5.0216482483154365,938.291882605921,132.46078221315287,4.3903553256700665,820.3351887926052,201588.8743812505,3573.7510687257914,1.267329289217276e6
Kapingamarangi,3735.7735880801993,187.589394779609,21683.83261334421,622.6289313467,31.264899129934843,3613.9721022240346,544.3555799774005,27.334454667885886,3159.6441808015843,725417.9095316138,36827.85022224409,4.0788621556509617e6
Kauehi,31679.7641936743,29624.97537660673,43538.317755611366,5279.960698945718,4937.495896101124,7256.3862926018965,4616.194211078255,4316.782126305553,6344.154872960513,7.3417314004983865e6,6.938279692664519e6,9.514513851432817e6
Kaukura,3387.2575049303305,212.49668861352683,20146.52540096422,564.5429174883884,35.41611476892114,3357.7542334940363,493.57180786127674,30.963803197971057,2935.636558426215,653298.0073074033,41983.47268631772,3.746566782502815e6
Lae,848.7603920422598,30.147285689581032,5074.313301778614,141.46006534037662,5.024547614930173,845.7188836297688,123.67651426901499,4.392890200481808,739.3999382591693,189080.17203889537,4600.1889455290275,1.110568194342049e6
Likiep,4799.828490394176,221.3773260192479,30151.72264051071,799.9714150656961,36.89622100320799,5025.287106751786,699.4035800288656,32.25783893423326,4393.536727617275,934863.9341033876,43596.03527586666,5.610868712381469e6
Losap,274.08296512064373,1.6179262109204249,2899.5024292956564,45.68049418677397,0.2696543684867374,483.25040488260936,39.93780348900809,0.23575496216269043,422.4989254116527,59342.91148247517,390.32253637602594,617217.4993602786
Lukunor,1120.3871373002612,64.02737363245562,7579.082307443975,186.73118955004355,10.671228938742605,1263.180384573996,163.2564114351809,9.32970301501496,1104.380564798979,223315.97596302486,10086.884772179961,1.431391483149187e6
Maiana,2258.527244842583,42.813102930712795,18569.25314981672,376.4212074737639,7.135517155118799,3094.8755249694523,329.0996842484907,6.238480712761005,2705.805458973293,478281.3153094666,16338.528030715408,3.8880667894213907e6
Majuro,3867.577133554071,186.97889474158978,26084.036062858653,644.5961889256787,31.163149123598295,4347.3393438097755,563.561239460736,27.245496090917367,3800.816683445118,756370.3659508559,38220.242558237645,4.949597667671134e6
Manihi,1053.6529417439156,51.419008980360715,6659.876816950507,175.60882362398593,8.56983483006012,1109.9794694917512,153.53228579697054,7.492484165709703,970.4391933270739,243420.3104557547,8404.027238042923,1.5953866182755716e6
Manihiki,2656.0549634894123,208.1142811060047,17152.327775345548,442.6758272482354,34.68571351766745,2858.721295890925,387.02515182274294,30.32522381830354,2499.3391901217797,520791.0658424993,34762.79001409843,3.2033719057047344e6
Marakei,1328.339122187252,28.979213149917832,10856.757400993267,221.38985369787534,4.8298688583196405,1809.4595668322108,193.55798637585673,4.222685344702313,1581.9846498590186,294130.7286650688,3936.937133176586,2.343366617444365e6
Maria_Est,6224.387288683349,501.7284205127117,35121.47080530418,1037.397881447225,83.6214034187853,5853.578467550696,906.9821477795736,73.10899841756655,5117.700031630038,1.2757621251259372e6,105420.20508921154,7.020312168098075e6
Marutea_Sud,20676.843331580396,426.27931707230147,220306.01839964945,3446.1405552633996,71.04655284538359,36717.66973327491,3012.911456887429,62.114986201963916,32101.7341096632,4.563232223387166e6,90489.02664139512,5.102608222315322e7
Mataiva,4913.812347732655,361.67158198375415,22680.78203700605,818.9687246221094,60.27859699729237,3780.1303395010095,716.0126563839012,52.700716231918456,3304.913953963739,962023.828851384,86166.98862975833,4.309034947653256e6
Matureivavao,7547.832425219364,297.7007160016544,202057.96889507546,1257.9720708698942,49.61678600027575,33676.32814917925,1099.8270105319643,43.3792471888125,29442.73261042528,2.792725878424214e6,71151.36284166257,1.4150026894327718e8
Mili,5535.596488172966,365.7407029568131,32296.712650374728,922.5994146954945,60.956783826135506,5382.78544172912,806.6154882766322,53.29364528799276,4706.0924147688875,1.0857863018160318e6,78411.74034516638,6.066522713781844e6
Mokil,434.2095825913723,9.207535524295567,3152.1805659237953,72.3682637652287,1.534589254049261,525.3634276539658,63.27053917759996,1.3416694621116394,459.31773960603874,93960.68214914252,2065.495771712575,676868.6205463259
Moruroa,7089.920636234409,499.50430817740084,37151.72820351871,1181.6534393724016,83.2507180295668,6191.954700586453,905.5903379734536,73.58158349493479,4815.363013789491,1.4928602633079782e6,141848.43308465148,7.948734604267053e6
Motu_One,2795.0532226916125,120.0926804193416,16895.843472648292,465.84220378193544,20.015446736556935,2815.9739121080493,407.2791838779207,17.499219146818344,2461.9657631573223,538989.2536246816,26040.36279991411,3.150132898458448e6
Namoluk,1136.2088291809764,78.45769283400853,5701.088909943241,189.3681381968294,13.076282139001425,950.1814849905401,165.56185796637084,11.432406670098386,830.730098306015,237155.12188393247,18571.069969383723,1.1557599974049323e6
Namu,5879.457947953419,228.14727890868733,38505.068967302184,979.9096579922366,38.024546484781226,6417.511494550363,856.7210152732124,33.244317783837296,5610.738620949745,1.157853834894917e6,51414.06080129882,7.2621099113549255e6
Napuka,758.9225836631693,9.61771126337404,5860.332172029652,126.48709727719489,1.602951877229007,976.7220286716088,110.58586219091896,1.4014379269487887,853.9341164957492,168938.24951461575,1072.2401279819508,1.3002157534618021e6
Nengonengo,5402.269490104534,268.6734271953588,39040.42387622725,900.3782483507559,44.778904532559814,6506.737312704543,787.1878399866607,39.14955653418085,5688.7474791074,1.0933524261543711e6,44186.00576922779,8.54801275470645e6
Ngcheangel,1011.805650550242,7.894588159823513,15553.818343119701,168.63427509170702,1.315764693303919,2592.303057186618,147.4345376516067,1.1503542747171405,2266.4135299974423,242310.82704233582,1838.9355349906186,3.680077226711515e6
Niau,450.9380049527825,12.445525988756877,2809.6387072681546,75.15633415879708,2.07425433145948,468.27311787802574,65.70810929311972,1.8134909297902877,409.4044973447881,98861.3807897369,2749.97526969746,618813.1796280664
Ninigo,2712.2293997544393,50.66238655979361,24516.485108767072,452.0382332924066,8.443731093298936,4086.080851461179,395.210569678504,7.382233470141355,3572.4021158489163,570328.1652695225,15269.321586989216,5.146562951036072e6
Niutao,767.807097524144,18.748922151085534,5115.953078486726,127.96784958735734,3.1248203585142558,852.6588464144542,111.88046278208955,2.7319857991581777,745.4674485794943,166321.23262911208,4118.806016302683,1.1329444876060153e6
Nonouti,13604.1298427872,503.62573544234317,141752.60839950104,2267.3549737978674,83.93762257372386,23625.434733250182,1982.3160628061348,73.38546430731284,20655.38008107015,3.052883963857633e6,92635.48884576086,3.2926767092553195e7
Nuguria,7978.3378062410375,226.54398926224658,71740.08036714945,1329.7229677068399,37.757331543707764,11956.680061191577,1162.557794623694,33.01069557821307,10453.554567784635,1.5511830664902583e6,39980.789970264814,1.3444290834318085e7
Nukapu,716.3748662589616,16.58893477659559,5923.143784512628,119.39581104316025,2.764822462765932,987.1906307521043,104.38605194059153,2.4172447817325002,863.0866657432687,145775.50009918405,3858.6682599990854,1.182568725374637e6
Nukulaelae,1352.9178027212301,55.98088710348684,7604.18111126863,225.4863004535384,9.330147850581142,1267.363518544772,197.13945125366493,8.157214977936652,1108.0378190705717,278051.37220768677,9626.189351568064,1.5832724481909906e6
Nukumanu,9901.976289680748,340.1066723225412,83834.78594031044,1650.3293816134583,56.6844453870902,13972.464323385073,1442.859402210623,49.558400824141714,12215.925951302375,1.9121794673959538e6,63324.635103289635,1.557169352911231e7
Nukuoro,2317.0952700653993,56.57769613201599,19002.402463732364,386.18254501089996,9.429616022002666,3167.067077288728,337.63388220952953,8.244178579236614,2768.9215018581444,459635.29190859024,12860.43337975239,3.514736895893437e6
Nukutepipi,2475.6925696425005,144.97924117880606,12234.228256668841,412.6154282737501,24.16320686313435,2039.0380427781402,360.7437744336215,21.125546571768883,1782.701831686031,498543.6723092166,33434.78458371501,2.411241868257653e6
Onotoa,15034.759478265209,782.4476457368071,111616.13657236288,2505.793246377535,130.40794095613452,18602.689428727146,2190.7792382615016,114.01379980736331,16264.065614830022,3.2226563922356823e6,194763.4590141144,2.4988159608616468e7
Ontong_Java,15272.43927605677,316.7702502462155,145205.89700926383,2545.4065460094616,52.79504170770259,24200.982834877308,2225.412580225415,46.15795075016283,21158.573564207014,3.059371436141092e6,62234.10443294555,2.809150953740624e7
Oroluk,4023.1069990192423,206.95010472661463,23292.492583351268,670.5178331698737,34.491684121102445,3882.082097225212,586.2241627142324,30.155586688735273,3394.0489192883274,764893.1529000425,47443.39366072642,4.280744950998456e6
Pakin,337.2796097630968,7.52491026702702,2800.470761238251,56.21326829384947,1.2541517111711702,466.74512687304184,49.14645742262266,1.0964869246239373,408.0685966375737,74775.27092718575,1941.48194538795,612488.9437778222
Palmerston,1132.3569126409568,25.591545612831073,8271.287392011756,188.72615210682616,4.265257602138513,1378.5478986686262,165.00057869911086,3.729053789298242,1205.2447342645703,251268.33594809446,6269.548081897603,1.8744895661688263e6
Paraoa,2463.034970349657,399.6727735439224,20207.88704512823,410.5058283916096,66.61212892398707,3367.9811741880376,358.8993813938072,58.23803271640013,2944.5778265758267,481874.0197462499,78240.05451635554,3.889597906189131e6
Pinaki,435.91969772413427,11.191212448413033,2910.020427036294,72.65328295402239,1.8652020747355054,485.0034045060491,63.51972738265956,1.6307195281973277,424.03154793957424,96678.28521168731,2043.4089424629385,655019.9553169996
Pingelap,445.16918812490144,9.25049080474298,3359.918633711131,74.19486468748357,1.5417484674571633,559.9864389518551,64.8675102696285,1.3479286601196911,489.58814376933617,96350.11182252615,2714.2741941221666,721943.7892115862
Pukapuka,4478.420675680491,305.9705971088613,24764.232127817282,746.4034459467482,50.995099518143554,4127.37202130288,652.5698698848714,44.58428700729122,3608.502395767661,903057.197574468,48331.52600188101,4.853424414338687e6
Pukarua,2992.9005973900685,145.87760657816116,18739.641981503893,498.8167662316781,24.31293442969353,3123.2736635839833,436.10837276255285,21.256451244246342,2730.6335458762815,584781.390209741,26878.590829499553,3.5041803922255966e6
Qelelevu,82955.50871490972,82855.43997995855,83958.45959752036,13825.91811915162,13809.239996659757,13993.076599586726,12087.802698458272,12073.22125422253,12233.946969924393,1.6107233708337609e7,1.6084515286982173e7,1.633868381946115e7
Rakahanga,550.5086967509081,21.031407612485133,3182.9508881586657,91.7514494584847,3.505234602080856,530.491814693111,80.2169815265609,3.0645765378192618,463.8014151316912,119674.56882295317,3756.3961293011785,701769.7458203918
Rangiroa,38595.07728799671,669.1296409330906,721940.2054835781,6432.512881332786,111.52160682218177,120323.36758059639,5623.854119108091,97.50174767882174,105197.00137046426,8.807759249924153e6,137088.51463980938,1.6918931317983103e8
Raroia,3440.777539894098,134.20300102918884,22354.185808317005,573.4629233156829,22.36716683819815,3725.6976347195014,501.37044152742567,19.555294435681805,3257.324217783335,681822.811282088,34724.94718260203,4.252888503313729e6
Reao,3032.165662839874,66.50676235321455,21406.352413112258,505.3609438066458,11.084460392202429,3567.7254021853764,441.829853728096,9.690985371468406,3119.2113516249287,599459.1778094047,12982.706367046088,4.0812487650965787e6
Rongelap,4729.378895278542,276.79101821775475,27448.3477756901,788.2298158797569,46.1318363696258,4574.724629281683,660.4400789889335,38.579950424887514,3935.842058159515,1.0791080373478774e6,59905.910634200016,5.884100046140016e6
Sapwuahfik,608.1629552581414,28.790866807839834,3962.1255028100018,101.36049254302358,4.798477801306639,660.3542504683335,88.61803062332916,4.195240591999518,577.3382875523146,134514.07675819937,6071.758039863176,869062.6565777505
Satawan,1632.8119348049966,98.93741207974105,10711.055191176505,272.13532246749946,16.48956867995684,1785.1758651960845,237.9240247858709,14.416594331619407,1560.7537564285767,321948.7408352915,19445.13133290676,2.0229561998385708e6
St_Joseph,6724.091288806866,6283.423508996968,10164.06773737453,1120.6818814678109,1047.2372514994945,1694.0112895624213,85.15547793840761,20.943887166108137,586.4091890154099,7.908190586127051e6,7.817799232566517e6,8.608507674936453e6
Tabiteuea,8023.52318184435,514.9138425308544,50334.23527719785,1337.2538636407248,85.81897375514241,8389.039212866308,1120.1105707316233,65.6488532537206,6555.338511052019,1.673368783835127e6,111427.2285359693,1.1330880033565074e7
Taiaro,1455.4347930478516,71.0741157849908,9962.19933433869,242.57246550797527,11.845685964165133,1660.3665557231152,212.0776412726869,10.35651401438437,1451.6347601464947,285554.60625731945,12895.728604200813,1.8467594632332672e6
Takapoto,1536.7704239081859,44.94066342028114,11172.219649442013,256.1284039846977,7.490110570046859,1862.0366082403357,223.92940462662136,6.548496669812394,1627.9520060615505,301701.17926434515,11623.001683744584,2.067297514186706e6
Takaroa,12960.830077070168,54.45592827947567,192065.90314598585,2160.1383461783616,9.075988046579278,32010.98385766431,1888.5780969445098,7.935006692152168,27986.74588698651,3.0374580393131115e6,12737.939200708492,4.502469796366226e7
Tarawa,1934.8841241432335,43.96347979944609,19218.78987962979,322.4806873572055,7.327246633241016,3203.1316466049648,281.9402580894426,6.4061070564907165,2800.4522396031975,413185.31309918803,9724.677330298204,4.0685406163787805e6
Tatakoto,657.0191173644441,5.998349789308385,6496.32276289978,109.50318622740735,0.9997249648847308,1082.7204604832968,95.73707138739042,0.8740452550135076,946.6070311653965,149190.68114124076,750.0475123302299,1.500993543767332e6
Temitangi,2020.3869518105134,48.44963644603951,12994.60805916338,336.7311586350856,8.074939407673252,2165.7680098605633,294.39924154953195,7.059804167851471,1893.5000314780923,441483.67600681086,13848.94740748947,2.8487283876147e6
Teraina,7907.213174531881,4720.240251083085,23652.522806908062,1317.8688624219803,786.7067085138476,3942.087134484678,1152.1939197175027,687.8064365863925,3446.5104661494597,1.5157030378494908e6,842986.7549824128,4.90446935154063e6
Tikehau,2553.0072250038193,125.1906589450059,18802.31594771964,425.50120416730323,20.865109824167646,3133.7193246199404,372.00962421484223,18.242067446272287,2739.76603809629,519266.9226154953,27793.09459548298,3.8497945571879447e6
Tongareva,15733.261210584576,1210.1676285417004,91951.88741707627,2622.2102017640964,201.69460475695,15325.314569512715,2292.56091925661,176.3387115875049,13398.703595059686,3.2790628323619924e6,250453.4733618519,1.9669871148583893e7
Tupai,874.7793452023834,8.353126491397894,9649.375309018951,145.79655753373058,1.3921877485663157,1608.2292181698258,127.46784744377585,1.2171698601751217,1406.0518307427612,165033.89640509302,1669.1686174896324,1.733222336736108e6
Tureia,656.9810482172127,8.000586871689553,5196.224550051123,109.49684136953547,1.333431145281592,866.0374250085204,95.73152416879384,1.1657998013033346,757.1641487217349,145964.61590273786,1455.5906959470144,1.1586954906133586e6
Ujae,5005.12351027173,439.67338053516494,26903.48352463312,834.1872517119551,73.27889675586083,4483.913920772187,729.3179972110236,64.06669259226689,3920.2218850179693,976821.533535964,90817.5086008824,5.067223530455163e6
Ujelang,7822.69481490376,360.60249673338603,66850.82851014068,1303.782469150627,60.100416122231,11141.804751690115,1139.878387314548,52.544935238293384,9741.120725763356,1.7792012735923864e6,83739.61618383818,1.558029259366e7
Ulithi,2206.45360487645,49.729892012118036,20348.09516316535,367.74226747940827,8.288315335353007,3391.349193860892,321.51181099628263,7.246355693194341,2965.008152346951,462951.9947711551,10700.973316924508,4.200988332275761e6
Vairaatea,730.9382533391879,27.326542044507928,4600.504344231235,121.82304222319799,4.554423674084655,766.7507240385394,106.50814548656737,3.9818675550568687,670.3592044451227,161856.55835188762,6031.075744065546,1.033607227143081e6
Vaitupu,1404.0930373597048,58.42180942586648,9187.6817508782,234.01550622661745,9.736968237644414,1531.2802918130335,204.59641401527125,8.512892230626258,1338.7764836993947,315707.51047403493,9206.224884585015,2.106297926479451e6
Vanavana,1437.482491839664,30.197809283672296,10232.361594987811,239.58041530661072,5.0329682139453835,1705.3935991646354,209.46173452520816,4.400252209906534,1491.001260983938,282416.5600507851,4943.113918569887,1.922820299096021e6
Wailagilala,9586.96041780927,328.08580871912056,65795.61141414914,1597.8267363015448,54.680968119853425,10965.935235691524,1396.957089452208,47.80678927050042,9587.360520347445,1.7963824337397413e6,59500.7327773256,1.2015260608319486e7
Wotho,4464.166228105606,404.54236143031096,25033.14381822826,744.0277046842677,67.42372690505184,4172.190636371377,650.4927932382454,58.94760123698818,3647.6866706561173,888545.9568197061,98233.4726034021,4.704148944406824e6
Wotje,1752.368463717161,38.44161879042847,10631.361736249219,292.0614106195269,6.4069364650714125,1771.893622708203,255.34511899878632,5.601493023748149,1549.1412815677431,378628.6050682154,12062.10467367866,2.291845374224225e6
Aranuka,9781.23499547294,176.47615113254614,139432.15326792054,1630.2058325788237,29.41269185542436,23238.69221132009,1425.2656707689137,25.71509630788529,20317.256619039847,2.249476223764874e6,45869.4570935458,3.2635379254367553e7
Beautemps-Beaupre,25621.7873605329,398.01775606511643,290440.25833431596,4270.29789342215,66.33629267751941,48406.70972238602,3733.304338452758,57.840767516024414,42321.138680346856,5.485467111458537e6,82923.90115381671,6.566933069250131e7
Egum,903.4117300084549,0.7584138023053871,14100.116338340147,150.56862166807582,0.12640230038423117,2350.0193897233576,131.63999494408915,0.11051172547878499,2054.588380729564,190316.00270224106,159.77021158184223,2.970381820395826e6
Fangatau,58.3192004623398,0.04931639781393392,774.896916494714,9.7198667437233,0.008219399635655652,129.14948608245234,8.497940638798084,0.0071861036814589415,112.91355068922974,12285.735002222435,10.389171833681642,163242.6044016343
Reitoru,5795.971081847217,5236.606018123677,10540.361164850647,965.9951803078695,872.7676696872797,1756.7268608084416,844.5557862120229,763.0483054980216,1535.8811983068085,1.1303728599531483e6,1.02869075811771e6,1.959827297293748e6
Rongerik,14744.365816105394,3356.7045328137465,140439.63046456935,2457.3943026842326,559.4507554689578,23406.60507742823,2136.565554770714,488.6533209970711,20463.263680815795,3.3323611949038524e6,641091.2224979141,3.283902106502298e7
Takume,1256.4976155828265,26.50853861923874,10538.506089150393,209.41626926380442,4.418089769873124,1756.4176815250653,183.0896525563547,3.8626727702319306,1535.6108872762,237976.40614499425,4157.053955201289,1.92359173467653e6
Tetiaroa,30558.276099765117,26678.575516575944,58451.22401325921,5093.046016627521,4446.429252762658,9741.870668876536,4452.777374537203,3887.4495752724947,8517.17835621777,5.880414195313005e6,5.038816146547971e6,1.2269701639159389e7
Cocos,139337.56865890056,139019.46568158967,163401.37817477336,23222.928109816763,23169.910946931617,27233.563029128894,20301.91323519087,20255.56108706843,23808.354050360904,2.5071850451727547e7,2.5004901960067157e7,3.013636058083621e7
Scilly,1537.2157334547273,238.34198331382038,11144.749967342153,256.2026222424546,39.72366388563673,1857.4583278903594,223.9942925891174,34.72983185429954,1623.9492809555709,306134.2916868604,46272.92678320989,2.2093279136323608e6
Tabuaeran,24544.141332025356,9709.38435572675,216831.51513013412,4090.6902220042266,1618.2307259544586,36138.585855022364,3576.4320226665513,1414.7960061201834,31595.44934753382,5.172959474699061e6,1.839338908599711e6,5.012699006410799e7
Puka-Puka,2203.8302520118623,47.09702164647467,18819.5811810596,367.3050420019771,7.84950360774578,3136.5968635099343,321.1295510074427,6.86270886848631,2742.281829240113,408170.3569193017,9157.179110001129,3.38866951478692e6
Utirik,170.67778417678,1.774508006077161,1593.887134191971,28.446297362796667,0.2957513343461935,265.6478556986619,24.870191408616513,0.2585711665998149,232.25212526797293,36061.98663370684,315.7329321312452,340236.04990709823
Astove,23421.347278427053,83.57064890921716,340742.97840345075,3903.557879737843,13.928441484869529,56790.49640057513,3412.8248891422277,12.177437412485927,49651.119710217106,5.509634339276475e6,20498.075645958103,7.988341115386066e7
Bikini,14893.241538505674,4969.030588147915,130769.6637603802,2482.20692308428,828.171764691319,21794.94396006337,2170.1580527536835,724.0587428444103,19055.008147941116,3.2755709596566292e6,983241.9321311612,3.037124241133428e7
Birnie,9586.259642907164,2032.331085461324,109919.9649131303,1597.7099404845276,338.7218475768874,18319.994152188377,1396.8549765379012,296.1396724529357,16016.909173056123,2.1964150085577047e6,425549.6809828019,2.571761705580533e7
Funafuti,1687.2384381385002,907.9803790709825,13806.03890501471,281.2064063564167,151.3300631784971,2301.0064841691187,245.8547438430386,132.3057123789146,2011.7370975878578,383000.18093791907,200318.93533945928,3.224007134523141e6
Huon,21214.531477101147,5878.794884584866,308138.57924804103,3535.7552461835253,979.799147430811,51356.42987467353,3090.916868825689,856.2809653447455,44899.84954401978,4.709773800457351e6,1.1146214240505293e6,7.197329687735608e7
Jaluit,9165.798300131608,3659.0693620576917,92739.24237862755,1527.6330500219349,609.844893676282,15456.54039643793,1333.5381049877933,533.152220737981,13513.38028870359,1.9334770926162433e6,663339.0922631683,2.1501575745397154e7
Jemo,6662.2135258126855,4896.643352835767,25193.23959497682,1110.368920968781,816.1072254726279,4198.873265829471,970.7796851898482,713.5108885560688,3671.0149124109084,1.2796048278311484e6,896251.6749683423,5.518144640309724e6
Kuria,4973.573253516981,539.0134506669175,83637.78203371244,828.928875586164,89.8355751111529,13939.630338952076,724.7206740839031,78.54195995432228,12187.219667769525,1.15855502884856e6,118962.43299538142,1.9599783164723758e7
Oeno,20293.00615723817,17329.474249508025,63319.195481913186,3382.167692873029,2888.2457082513383,10553.199246985532,2956.9808971975617,2525.1519620711697,9226.511341650208,5.014270910523581e6,4.31953096657901e6,1.510088826112548e7
Bikar,20530.38544594435,20238.404383879042,22755.47136212535,3421.730907657393,3373.0673973131748,3792.5785603542267,2975.9042034860163,2948.6986025274537,3253.5370284476485,4.613666869281307e6,4.496175033246249e6,5.55550643673098e6
Bokaak,32850.788680129896,32467.389862960998,56473.08186181314,5475.131446688317,5411.2316438268335,9412.180310302192,4581.109947019291,4574.798354367651,4696.137841852909,7.781426050108439e6,7.680826334044902e6,1.4166895140030295e7
Starbuck,834884.862421635,831835.0269389178,854506.128051031,139147.47707027255,138639.17115648635,142417.6880085052,121654.65138143822,121210.24678252802,124513.75008743594,1.9562528560304388e8,1.9500622494420648e8,1.9950757753890383e8
Cosmoledo,737943.3263728938,737935.3211383725,738281.9162211145,122990.5543954823,122989.22018972875,123046.98603685241,107528.88470005026,107527.71822302001,107578.22207793384,1.6753453426958048e8,1.6753286863462868e8,1.6760498405890343e8
Conflict,7.364910598374826,0.002445913413029994,167.81563274718835,1.227485099729138,0.00040765223550499896,27.969272124531393,1.0731726871917604,0.0003564045258986562,24.453135057447444,1565.1119643391667,0.5197793368076485,35662.381926771755
Faadhippolhu,433.8564792874864,421.44188185896803,709.1652602854748,72.30941321458104,70.24031364316131,118.1942100475791,63.128672272219845,61.31968807549288,103.24509464621244,60788.37970946153,58150.1623532161,119294.05486628757
Takuu,4728.267277162629,318.25741982835405,68289.34617359476,788.0445461937717,53.04290330472568,11381.557695599126,688.9760889579832,46.374652603560165,9950.73329958095,884519.9098944117,65268.05947175506,1.2152171185654769e7
Kilinailau,15.187494333560288,4.119487491809631e-8,969.2931052869276,2.5312490555933818,6.865812486349385e-9,161.5488508811546,2.213034888604499,6.002681773779749e-9,141.23985248466659,2071.5998021672303,5.619050309178069e-6,132213.2118079113
Atafu,14988.059987898758,14961.253467632792,15361.252085204635,2498.0099979831266,2493.5422446054654,2560.2086808674394,2183.9744553795335,2180.0683624264925,2238.3538752726754,3.2075257505646804e6,3.2019297456016103e6,3.2854316036176686e6
Chesterfield,203758.1318459693,203702.8631240931,205028.79517906182,33959.688640994886,33950.47718734885,34171.465863176985,27004.394340503088,26996.34089817255,27189.548140468003,6.1874632543416545e7,6.1863094901124544e7,6.2139890333231404e7
Erikub,2199.4055027930513,1934.5005096013906,5769.890399582662,366.56758379884184,322.4167516002318,961.6483999304435,320.4848018355589,281.8843599704884,840.7554582249019,443741.7398853818,391592.9646942232,1.1359478316130138e6
Morane,3742.5602203190965,2229.230993354145,58541.12797717676,623.7600367198496,371.5384988923576,9756.854662862794,545.3444892464969,324.8308018887468,8530.278648102902,847782.0617718473,427201.954609648,1.6077242438834934e7
Alphonse,13.423416984308385,0.003066107270344177,390.61086581927503,2.2372361640513976,0.0005110178783906961,65.10181096987917,0.0,0.0,0.0,17015.579671271054,3.8866104360903,495139.9718552725
St_Francois,23.036237121503355,4.193429540995681,578.7602249524508,3.8393728535838925,0.6989049234992805,96.46003749207513,0.6105332924721485,0.6105332924721485,0.6105332924721485,24780.052427572722,894.8305059594569,729218.1102803327
Ahunui,1746.4229786450023,984.1402817689866,20190.29585599043,291.0704964408337,164.02338029483113,3365.0493093317373,254.47877688827177,143.40329820062374,2942.0145390157477,336388.4996227381,190112.59378720532,3.8756190545147965e6
Ailinginae,2804.9567812510686,2170.1088522042314,7532.82485019656,467.49279687517816,361.6848087007053,1255.4708083660937,408.72227383944136,316.21586132118796,1097.640192457213,631036.0067480879,507389.2237078953,1.5684466406985528e6
Kwajalein,1361.8202340548,622.635082201703,12550.879882317307,226.97003900913336,103.77251370028387,2091.8133137195514,198.43666267655658,90.7268262636767,1828.8424971376646,265047.83802902116,132892.74704925012,2.265481954010948e6
Raraka,3166.4571511263575,2165.5677059261343,14176.85537934074,527.7428585210596,360.92795098768903,2362.809229890124,461.39804202126925,315.554151434951,2065.770355275365,634629.6357986073,458094.9258959481,2.5723950570424725e6
Tenararo,3257.3326874896657,3247.1327238243293,3418.7020050406636,542.8887812482777,541.188787304055,569.7836675067773,474.6399058913512,473.153625471545,498.1537207344966,658665.7800751777,656842.1813153763,687516.1659207714
Abaiang,1501.753755569319,19.89853329622343,15284.151611819228,250.2922925948865,3.316422216037239,2547.358601969872,218.82697581152937,2.899500566021128,2227.119234865088,324174.29068384564,4223.88912371464,3.246189301923177e6
Ailinglaplap,1270.0376108062428,16.694447490384942,9298.507454604643,211.67293513437374,2.782407915064157,1549.7512424341066,185.0626232889096,2.432619491456091,1354.9253719566766,274847.67087778717,5151.111931874053,1.9991160768526888e6
Amanu,941.9802195952952,17.652120875968958,6520.928341596472,156.99670326588253,2.9420201459948268,1086.8213902660789,137.2599748553144,2.5721661847840482,950.1924154897717,207493.48260168626,4213.146608723189,1.449404377015389e6
Beru,1440.5934599120662,25.37468004044745,10362.698741950311,240.0989099853444,4.2291133400745755,1727.1164569917185,209.9150470157582,3.697453377322343,1509.9932452556166,315388.48848461633,5439.834375242408,2.2678122012381633e6
Eauripik,1002.4382100348554,12.343057834821,8972.330605990916,167.07303500580923,2.0571763058035,1495.3884343318193,146.06956774793608,1.7985598559310598,1307.3967454443903,218783.63643348997,2697.6010412346122,1.9457613243857783e6
Ebon,1086.7695917551728,26.993712698552674,7592.361559857177,181.12826529252882,4.498952116425445,1265.3935933095297,158.3578547986109,3.9333695646462465,1106.3155415791887,235842.70304426758,4543.048074230454,1.6399217095658951e6
Elato,36.79533431587795,0.0626101520984968,578.972219439806,6.132555719312991,0.010435025349749466,96.49536990663435,5.361605857456501,0.009123193591495249,84.36452340408601,8574.780146886056,14.590662082285712,134923.61423412035
Faraulep,826.4490887718252,18.963281718653807,6039.8446084453335,137.74151479530423,3.160546953108968,1006.640768074222,120.42543864960882,2.7632210504324117,880.0916429448913,180744.3043455886,4059.110525657903,1.3103457859263918e6
Hikueru,675.8332980767707,16.85604028731439,4136.064039153476,112.63888301279512,2.8093400478857316,689.3440065255794,98.47856629118658,2.456165870437239,602.683617133792,148588.08836096383,5623.384230053203,921668.5046779868
Hiti,128.94896201435213,1.1638865633966553,1061.0544485213206,21.49149366905869,0.19398109389944257,176.84240808688676,18.78970589351988,0.1695948992377983,154.61079107024955,28835.055325254343,258.5647088012256,238498.86445307036
Ifalik,862.9777713921585,15.208182230643477,6772.658949066615,143.82962856535977,2.534697038440579,1128.7764915111024,125.74818954571452,2.216049410750906,986.8731611497067,187545.34582737036,2942.8532531272344,1.4671473489013205e6
Katiu,306.13321215921684,4.115454793006083,2455.4288410941112,51.02220202653615,0.6859091321676805,409.23814018235197,44.60798234320016,0.5996805555523148,357.79105970228477,68355.6794310213,611.7244616727791,551647.0400458232
Lamotrek,437.2972437869132,2.099454862563188,4178.518090989819,72.88287396448554,0.3499091437605313,696.4196818316367,63.72045552323591,0.3059205656877788,608.8697789728022,95340.80999746895,804.2430683101811,895632.6622013035
Lib,651.9758914472882,10.431463480773475,4704.096066871284,108.66264857454806,1.7385772467955793,784.0160111452141,95.00220132517629,1.5200132500555636,685.4539983155299,142284.29999336874,3359.2069794107124,1.0264139712311233e6
Makemo,570.1406246084799,6.673487561841393,4833.302858511156,95.02343743474665,1.1122479269735654,805.5504764185259,83.07763387152136,0.9724224732968885,704.2812736687683,126871.1992414177,1395.3625163439206,1.082021293291634e6
Maloelap,1374.464837444496,30.36395403121908,9693.641055996366,229.077472907416,5.06065900520318,1615.6068426660609,200.27916202762654,4.424461873120495,1412.5019824451847,298941.37741387344,6742.143946038526,2.0934089404250605e6
Manuae,846.2793267490189,17.492242267069784,6128.836493500008,141.0465544581698,2.9153737111782982,1021.472748916668,123.31498761199988,2.548869587487311,893.0590319100012,187562.77305204608,3650.2878163193145,1.3802718324206127e6
Marokau,377.5715684622657,4.130466728674003,3164.6124821674825,62.928594743710946,0.6884111214456673,527.4354136945805,55.017571404501574,0.6018680090353546,461.12924740154745,84029.79236791881,947.1529098781931,705214.9569151291
Marutea_Nord,512.4102936557465,16.691434742822445,3103.72706003012,85.40171560929107,2.7819057904704074,517.2878433383534,74.66549993269447,2.432180491096984,452.25737160438894,112425.4772330106,3917.2123106322374,689691.0358640739
Motutunga,188.6078552718109,2.1240866046112066,1519.7234606654351,31.43464254530182,0.3540144341018677,253.2872434442392,27.482858911035304,0.3095097623862043,221.4454185541062,42327.67305964437,558.887842500935,344643.5625517474
Murilo,624.6226472728065,3.957007949744585,7005.566006863645,104.10377454546776,0.6595013249574309,1167.594334477274,91.01644288832324,0.5765925869627824,1020.8110467144166,135103.0603212528,853.3404372671923,1.4892707002145646e6
Namonuito,1882.2579132948026,33.312537701329454,18325.354970823155,313.7096522158004,5.552089616888244,3054.2258284705254,274.2718673658141,4.854112636479434,2670.2660100342314,407680.034627744,3705.2926152999903,3.915144012619767e6
Namorik,847.9835814600187,18.78279373867283,6289.493057979244,141.33059691000312,3.130465623112138,1048.2488429965408,123.56332186988843,2.7369213733494693,916.4689884484042,184529.22222825195,3921.9317178074093,1.3586397074794043e6
Nanumanga,301.18568586510247,2.6585017065010677,2863.597369109802,50.19761431085041,0.443083617750178,477.266228184967,43.887057083200645,0.38738167723301264,417.2670452131425,68389.69486234066,545.3052983469049,659265.302795733
Nanumea,356.09059315483194,4.208166914717495,3278.7103357650876,59.34843219247199,0.701361152452916,546.4517226275146,51.88748643113264,0.6131900361445493,477.75493464005564,80793.3463994161,940.7308258639184,755443.7412002021
Ngulu,2066.960435027521,8.671578547797175,24544.798440074792,344.49340583792014,1.4452630912995295,4090.799740012465,301.1856633897245,1.2635728741075885,3576.5277726966124,447855.6277767394,2397.179403896035,5.232278582198165e6
Nihiru,606.0574803194323,19.934511228488933,3641.8769621552797,101.00958005323872,3.3224185380814886,606.9794936925466,88.31123284654585,2.9047430647226724,530.6735001997694,133469.91044299916,3390.5913242754395,804122.640156768
Nikunau,1027.6696533568406,18.227317343214537,7436.928007108329,171.2782755594734,3.03788622386909,1239.4880011847215,149.7461494891396,2.6559805271541177,1083.6666524643565,224403.9967003739,3986.934143475157,1.6291764444205652e6
Nomwin,43.575279829648025,0.07642989041213792,670.0884096273547,7.262546638274673,0.012738315068689655,111.68140160455914,6.349540775177283,0.01113692688862581,97.64145397427168,10154.77780880043,17.811212185450145,156157.31989834472
Nui,411.67832814709027,3.1911717628900926,3532.1536883608615,68.61305469118172,0.5318619604816822,588.6922813934771,59.987413530004574,0.46499931402112776,514.6852517325826,92890.26895912371,719.3094594091873,806632.62403582
Nukufetau,358.3956088546447,3.783053996807931,3177.3517038230248,59.732601475774125,0.6305089994679886,529.5586173038374,52.223360147391084,0.5512450109634414,462.9855339856407,80563.070030048,1008.7179507535359,722710.433027559
Olimarao,486.5416831869768,6.1882158773473535,4100.194653809923,81.0902805311628,1.0313693128912256,683.3657756349871,70.89607383581662,0.9017114564134714,597.4569352694458,105593.20354691191,2099.351119185047,880141.4933641519
Pulap,522.5550983769153,2.2843200320224177,4917.491256462382,87.09251639615255,0.3807200053370696,819.5818760770635,76.14374290635052,0.33285806180898087,716.5487259416614,113387.10789464011,513.6067817863932,1.0471203719960123e6
Pulusuk,559.5307926026762,7.913207140197061,4816.582905272575,93.25513210044605,1.3188678566995102,802.7638175454293,81.53162977924711,1.1530673261430002,701.8449376254323,121284.93463227495,1712.4166710065167,1.0344418375553419e6
Puluwat,122.89038259852562,1.5908062332296118,1008.1577106360008,20.481730433087606,0.2651343722049353,168.0262851060002,17.906884321499444,0.23180319398488627,146.9029806926744,27432.800853851895,340.80769894532756,226801.4762991762
Ravahere,248.53688351314707,2.2924645537374673,1988.9643796849734,41.422813918857855,0.38207742562291136,331.494063280829,36.215374454772856,0.33404483497317383,289.82052389695326,55234.481120479715,526.3405316058547,440861.2129844433
Rekareka,458.8121107723455,15.016719356663266,2876.41218935142,76.46868512872425,2.502786559443878,479.40203155856994,66.85547899825605,2.188150534828076,419.1343475912069,101136.11689188145,3226.626559937003,641589.2338148147
Taenga,457.94979334346704,3.6809397142993667,3583.9534709093496,76.32496555724452,0.6134899523832279,597.3255784848916,66.72982703004806,0.5363655012264791,522.233220046791,101910.69779033694,847.4587415008114,804912.1324126152
Tauere,1939.3692173128816,55.40819598923123,12738.813044758943,323.2282028854803,9.234699331538538,2123.1355074598246,282.5938002370199,8.073765701287977,1856.2270436648744,383584.5976743724,15688.80017439077,2.4074397985171294e6
Tenaruga,54.93935239411193,0.07663738285917122,749.1455005656118,9.15655873235199,0.012772897143195206,124.85758342760198,8.005448491713452,0.011167161502336377,109.16120151098913,12803.05987024343,17.85956619958074,174580.774568667
Tepoto,100.26261653367669,1.2202574440617493,875.1856752322033,16.710436088946118,0.2033762406769582,145.8642792053672,14.609695552050033,0.17780894184899776,127.52705553383531,22548.710239869913,155.78176638779655,197970.95688904705
Tuanake,174.38987725841503,1.8884796440129472,1405.8398553922084,29.06497954306917,0.31474660733549126,234.30664256536812,25.4110964005119,0.2751784624133152,204.8509503571504,38931.820003204775,411.30201742224995,313876.64449250343
Vahitahi,2561.1776908875677,73.48137578459547,17520.254737456635,426.8629484812613,12.246895964099249,2920.042456242773,373.20017781504555,10.70728618575534,2552.951404600824,503676.91181342216,21644.832707412297,3.2974722485917322e6
West_Fayu,652.2885134997003,9.103658858509412,5378.448518507377,108.71475224995005,1.5172764764182352,896.4080864178961,95.04775482424205,1.3265331479542284,783.7167841253606,141963.81875120095,1326.640129506733,1.1646399063057622e6
Woleai,1272.5767936234292,23.786677880628808,10621.594332122364,212.09613227057156,3.9644463134381347,1770.2657220203942,185.432618499414,3.466058776891626,1547.718031252116,277137.6602301675,5104.113198579082,2.2844907912222715e6
Abariringa,4723.246176254792,4723.246176254792,4723.246176254792,787.2076960424654,787.2076960424654,787.2076960424654,688.2444428256981,688.2444428256981,688.2444428256981,967426.25,967426.25,967426.25
Aldabra,72400.41014109708,72400.41014109708,72400.41014109708,12066.735023516181,12066.735023516181,12066.735023516181,10549.774049131287,10549.774049131287,10549.774049131287,1.3717978819999997e7,1.3717978819999997e7,1.3717978819999997e7
Bellona,23221.067599586866,23221.067599586866,23221.067599586866,3870.177933264479,3870.177933264479,3870.177933264479,2595.9328722748855,2595.9328722748855,2595.9328722748855,1.0776322829999998e7,1.0776322829999998e7,1.0776322829999998e7
Byramgore,424.28355822875466,424.28355822875466,424.28355822875466,70.71392637145911,70.71392637145911,70.71392637145911,61.82417562761852,61.82417562761852,61.82417562761852,100119.25,100119.25,100119.25
Caroline,311234.1557780509,311234.1557780509,311234.1557780509,51872.359296341834,51872.359296341834,51872.359296341834,45351.26269908742,45351.26269908742,45351.26269908742,7.160960058e7,7.160960058e7,7.160960058e7
Cherbaniani,2890.390378835619,2890.390378835619,2890.390378835619,481.73172980593665,481.73172980593665,481.73172980593665,421.1711694874759,421.1711694874759,421.1711694874759,704480.0,704480.0,704480.0
Clipperton,285054.49704819254,285054.49704819254,285054.49704819254,47509.08284136544,47509.08284136544,47509.08284136544,41536.44998481809,41536.44998481809,41536.44998481809,4.945086817999999e7,4.945086817999999e7,4.945086817999999e7
Diego_Garcia,41427.12328427846,41427.12328427846,41427.12328427846,6904.520547379744,6904.520547379744,6904.520547379744,6035.925532844237,6035.925532844237,6035.925532844237,7.322357909999999e6,7.322357909999999e6,7.322357909999999e6
Ducie,288407.1315951751,288407.1315951751,288407.1315951751,48067.85526586251,48067.85526586251,48067.85526586251,41621.706266203466,41621.706266203466,41621.706266203466,8.904019739999999e7,8.904019739999999e7,8.904019739999999e7
Egmont,648.5799377415271,648.5799377415271,648.5799377415271,108.09665629025457,108.09665629025457,108.09665629025457,94.50736235662251,94.50736235662251,94.50736235662251,123039.41999999998,123039.41999999998,123039.41999999998
Enderbury,134256.14526935143,134256.14526935143,134256.14526935143,22376.02421155857,22376.02421155857,22376.02421155857,19560.397883174443,19560.397883174443,19560.397883174443,3.0519396599999998e7,3.0519396599999998e7,3.0519396599999998e7
Eniwetok,8165.93728732317,8165.93728732317,8165.93728732317,1360.9895478871952,1360.9895478871952,1360.9895478871952,1189.8937190099475,1189.8937190099475,1189.8937190099475,1.816237605e6,1.816237605e6,1.816237605e6
Faaite,248.71283417276075,248.71283417276075,248.71283417276075,41.45213902879346,41.45213902879346,41.45213902879346,36.24101297945942,36.24101297945942,36.24101297945942,52696.0,52696.0,52696.0
Fakarava,1055.426438777709,1055.426438777709,1055.426438777709,175.90440646295153,175.90440646295153,175.90440646295153,153.79070965046617,153.79070965046617,153.79070965046617,200738.22999999998,200738.22999999998,200738.22999999998
Fangataufa,762.4462434161239,762.4462434161239,762.4462434161239,127.07437390268734,127.07437390268734,127.07437390268734,111.09930975492091,111.09930975492091,111.09930975492091,150294.55,150294.55,150294.55
Farquhar,201945.86848725262,201945.86848725262,201945.86848725262,33657.64474787544,33657.64474787544,33657.64474787544,29426.3979795711,29426.3979795711,29426.3979795711,4.522477666e7,4.522477666e7,4.522477666e7
French_Frigate_Shoals,202499.88968674786,202499.88968674786,202499.88968674786,33749.98161445798,33749.98161445798,33749.98161445798,29390.111083947868,29390.111083947868,29390.111083947868,4.39075945e7,4.39075945e7,4.39075945e7
Glorioso,149873.7500458162,149873.7500458162,149873.7500458162,24978.958340969373,24978.958340969373,24978.958340969373,21838.746435247507,21838.746435247507,21838.746435247507,3.5134638e7,3.5134638e7,3.5134638e7
Great_Chagos_Bank,85269.58325970513,85269.58325970513,85269.58325970513,14211.597209950858,14211.597209950858,14211.597209950858,12279.46588871149,12279.46588871149,12279.46588871149,1.826962676e7,1.826962676e7,1.826962676e7
Haraiki,126.91779938097307,126.91779938097307,126.91779938097307,21.152966563495514,21.152966563495514,21.152966563495514,18.493736481227504,18.493736481227504,18.493736481227504,28751.59,28751.59,28751.59
Johnston,119731.80652454139,119731.80652454139,119731.80652454139,19955.301087423566,19955.301087423566,19955.301087423566,17365.87063835268,17365.87063835268,17365.87063835268,2.7845355299999997e7,2.7845355299999997e7,2.7845355299999997e7
Kademat,4492.712224653536,4492.712224653536,4492.712224653536,748.7853707755894,748.7853707755894,748.7853707755894,654.6523527352294,654.6523527352294,654.6523527352294,1.0529477e6,1.0529477e6,1.0529477e6
Kiritimati,350726.72118716134,350726.72118716134,350726.72118716134,58454.45353119358,58454.45353119358,58454.45353119358,50103.04895330164,50103.04895330164,50103.04895330164,8.287643455e7,8.287643455e7,8.287643455e7
Kure,333155.39402145555,333155.39402145555,333155.39402145555,55525.899003575934,55525.899003575934,55525.899003575934,48255.39407283508,48255.39407283508,48255.39407283508,6.844330395e7,6.844330395e7,6.844330395e7
Laysan,2.1217709276511157e6,2.1217709276511157e6,2.1217709276511157e6,353628.48794185277,353628.48794185277,353628.48794185277,301512.7553247774,301512.7553247774,301512.7553247774,4.721400271e8,4.721400271e8,4.721400271e8
Lisianski,673873.5106775976,673873.5106775976,673873.5106775976,112312.25177959961,112312.25177959961,112312.25177959961,89715.9931388115,89715.9931388115,89715.9931388115,1.6342064445e8,1.6342064445e8,1.6342064445e8
Malden,273829.98953617265,273829.98953617265,273829.98953617265,45638.33158936211,45638.33158936211,45638.33158936211,39900.94133241373,39900.94133241373,39900.94133241373,5.73287785e7,5.73287785e7,5.73287785e7
Manra,3864.8801322704962,3864.8801322704962,3864.8801322704962,644.1466887117496,644.1466887117496,644.1466887117496,563.1682478451295,563.1682478451295,563.1682478451295,839341.3,839341.3,839341.3
Maria,2078.5129002871345,2078.5129002871345,2078.5129002871345,346.41881671452245,346.41881671452245,346.41881671452245,302.86902261326816,302.86902261326816,302.86902261326816,401613.06499999994,401613.06499999994,401613.06499999994
Maupihaa,153120.22602384925,153120.22602384925,153120.22602384925,25520.037670641548,25520.037670641548,25520.037670641548,22311.80436347518,22311.80436347518,22311.80436347518,3.5825146665e7,3.5825146665e7,3.5825146665e7
McKean,131108.77095860563,131108.77095860563,131108.77095860563,21851.46182643427,21851.46182643427,21851.46182643427,19103.214126078474,19103.214126078474,19103.214126078474,2.51841674e7,2.51841674e7,2.51841674e7
Midway,7.031792238171008e6,7.031792238171008e6,7.031792238171008e6,1.1719653730285012e6,1.1719653730285012e6,1.1719653730285012e6,1.0186101624265602e6,1.0186101624265602e6,1.0186101624265602e6,1.4189216199199998e9,1.4189216199199998e9,1.4189216199199998e9
Nikumaroro,1539.715769876359,1539.715769876359,1539.715769876359,256.61929497939315,256.61929497939315,256.61929497939315,224.35858361055512,224.35858361055512,224.35858361055512,290851.925,290851.925,290851.925
Nukunonu,13403.76719972233,13403.76719972233,13403.76719972233,2233.961199953722,2233.961199953722,2233.961199953722,1953.1203633881107,1953.1203633881107,1953.1203633881107,2.8514808e6,2.8514808e6,2.8514808e6
Numa_Miombilou,176.38042988876254,176.38042988876254,176.38042988876254,29.396738314793758,29.396738314793758,29.396738314793758,25.701148355219683,25.701148355219683,25.701148355219683,38953.25,38953.25,38953.25
Nupani,1151.9138396199728,1151.9138396199728,1151.9138396199728,191.98563993666212,191.98563993666212,191.98563993666212,167.8503023446246,167.8503023446246,167.8503023446246,216673.09999999998,216673.09999999998,216673.09999999998
Orona,337708.4144772,337708.4144772,337708.4144772,56284.7357462,56284.7357462,56284.7357462,49208.94039524915,49208.94039524915,49208.94039524915,7.894520907e7,7.894520907e7,7.894520907e7
Palmyra,298864.48341430427,298864.48341430427,298864.48341430427,49810.74723571737,49810.74723571737,49810.74723571737,43548.79350498221,43548.79350498221,43548.79350498221,6.6887477615e7,6.6887477615e7,6.6887477615e7
Pearl_and_Hermes,173559.40776768327,173559.40776768327,173559.40776768327,28926.567961280547,28926.567961280547,28926.567961280547,25031.053767918453,25031.053767918453,25031.053767918453,3.72821603e7,3.72821603e7,3.72821603e7
Peros_Banhos,99032.55704665704,99032.55704665704,99032.55704665704,16505.426174442844,16505.426174442844,16505.426174442844,14430.215040889296,14430.215040889296,14430.215040889296,2.2442792049999997e7,2.2442792049999997e7,2.2442792049999997e7
Rawaki,388705.5000543556,388705.5000543556,388705.5000543556,64784.250009059266,64784.250009059266,64784.250009059266,56509.66428505975,56509.66428505975,56509.66428505975,8.898275344000001e7,8.898275344000001e7,8.898275344000001e7
Rose,38718.336847775805,38718.336847775805,38718.336847775805,6453.056141295965,6453.056141295965,6453.056141295965,5641.814797818759,5641.814797818759,5641.814797818759,9.01654222e6,9.01654222e6,9.01654222e6
Saloman,2886.5292018213568,2886.5292018213568,2886.5292018213568,481.08820030355963,481.08820030355963,481.08820030355963,420.6085408368263,420.6085408368263,420.6085408368263,547023.8200000001,547023.8200000001,547023.8200000001
Sorol,2031.25243319842,2031.25243319842,2031.25243319842,338.5420721997367,338.5420721997367,338.5420721997367,295.98249740891265,295.98249740891265,295.98249740891265,378889.91,378889.91,378889.91
Suheli_Par,672.8845347783702,672.8845347783702,672.8845347783702,112.14742246306172,112.14742246306172,112.14742246306172,98.04888935341965,98.04888935341965,98.04888935341965,168584.5,168584.5,168584.5
Surprise,33412.18558950412,33412.18558950412,33412.18558950412,5568.697598250687,5568.697598250687,5568.697598250687,4007.554760820476,4007.554760820476,4007.554760820476,1.293103021e7,1.293103021e7,1.293103021e7
Suwarrow,67034.68222390277,67034.68222390277,67034.68222390277,11172.447037317126,11172.447037317126,11172.447037317126,9767.910838340116,9767.910838340116,9767.910838340116,1.490441603e7,1.490441603e7,1.490441603e7
Swains,4153.238213021359,4153.238213021359,4153.238213021359,692.2063688368933,692.2063688368933,692.2063688368933,605.1861396116836,605.1861396116836,605.1861396116836,816522.9449999998,816522.9449999998,816522.9449999998
Tahanea,1518.7765033730464,1518.7765033730464,1518.7765033730464,253.12941722884105,253.12941722884105,253.12941722884105,221.30743334864388,221.30743334864388,221.30743334864388,299692.92499999993,299692.92499999993,299692.92499999993
Taka,21514.4632175982,21514.4632175982,21514.4632175982,3585.743869599699,3585.743869599699,3585.743869599699,3134.589987053137,3134.589987053137,3134.589987053137,5.020888985e6,5.020888985e6,5.020888985e6
Tekokota,601.4307492788721,601.4307492788721,601.4307492788721,100.23845821314534,100.23845821314534,100.23845821314534,87.6370520377785,87.6370520377785,87.6370520377785,137933.59999999998,137933.59999999998,137933.59999999998
Temoe,4646.403276755715,4646.403276755715,4646.403276755715,774.4005461259527,774.4005461259527,774.4005461259527,677.0473346129755,677.0473346129755,677.0473346129755,1.0036313e6,1.0036313e6,1.0036313e6
Toau,2463.0760643513377,2463.0760643513377,2463.0760643513377,410.5126773918896,410.5126773918896,410.5126773918896,358.9053693769092,358.9053693769092,358.9053693769092,464429.875,464429.875,464429.875
Tubbataha,18839.901493139485,18839.901493139485,18839.901493139485,3139.983582189914,3139.983582189914,3139.983582189914,2745.2427890003246,2745.2427890003246,2745.2427890003246,4.01220204e6,4.01220204e6,4.01220204e6
Vahanga,704.8090287097846,704.8090287097846,704.8090287097846,117.46817145163078,117.46817145163078,117.46817145163078,102.70074418342574,102.70074418342574,102.70074418342574,142928.8,142928.8,142928.8
Wake,22335.96945366716,22335.96945366716,22335.96945366716,3722.6615756111937,3722.6615756111937,3722.6615756111937,3251.922377690534,3251.922377690534,3251.922377690534,4.812185875e6,4.812185875e6,4.812185875e6
Helen,32687.563210011365,32687.563210011365,32687.563210011365,5447.927201668563,5447.927201668563,5447.927201668563,4763.044924887371,4763.044924887371,4763.044924887371,7.320334875e6,7.320334875e6,7.320334875e6
Manuhangi,37.28865048608952,37.28865048608952,37.28865048608952,6.214775081014921,6.214775081014921,6.214775081014921,5.433489070830188,5.433489070830188,5.433489070830188,7903.349999999999,7903.349999999999,7903.349999999999
Europa,866686.7637158843,866686.7637158843,866686.7637158843,144447.79395264745,144447.79395264745,144447.79395264745,126287.73856578929,126287.73856578929,126287.73856578929,2.0145311641e8,2.0145311641e8,2.0145311641e8
Kavaratti,0.5544945501457684,0.5544945501457684,0.5544945501457684,0.09241575835762811,0.09241575835762811,0.09241575835762811,0.08079777730695482,0.08079777730695482,0.08079777730695482,129.98999999999998,129.98999999999998,129.98999999999998
Ouvéa,514.6058897257149,514.6058897257149,514.6058897257149,85.76764828761915,85.76764828761915,85.76764828761915,59.37487858506416,59.37487858506416,59.37487858506416,242759.545,242759.545,242759.545
Bangaram,162.31000680199617,162.31000680199617,162.31000680199617,27.0516678003327,27.0516678003327,27.0516678003327,23.650886705433727,23.650886705433727,23.650886705433727,40954.899999999994,40954.899999999994,40954.899999999994
Peremul_Par,51.788079338570064,51.788079338570064,51.788079338570064,8.631346556428346,8.631346556428346,8.631346556428346,7.546262989334494,7.546262989334494,7.546262989334494,13156.5,13156.5,13156.5
Bitra_Par,1.2473100725785338,1.2473100725785338,1.2473100725785338,0.20788501209642235,0.20788501209642235,0.20788501209642235,0.18175089629001492,0.18175089629001492,0.18175089629001492,292.59999999999997,292.59999999999997,292.59999999999997
